# This puzzle is solvable
15
 56 107   1  58 109  10 202  59  65  12  15 154 118  69  71
 51 104 200 108 209 223 116  61 148  11 181  67 115  13  14
100 175 101  62 103   2   6 182 111   8  64 152  72 113  18
140  57 105 177   5 110   9  63 204 203 159 178  68  76  17
 55  54   3 143   7 185 211 149 112  74 206 158 153 155  70
146 142 144 219  50 141 147 220  16 205 168 186 106  66 150
199  47  98   4 137  60 197 184 114 221 121  20  21 179  26
 97 176  53 198 174 163 171 214 208 180 193 207 123 117 120
145 102  96 173  52 216 172 132 222 127 212 183  19  23 119
 99  46 139 190 215 162 210 191 164 157 151  79  22  24  78
 93  94  49 134 135 201 218 129 195 188 128  75 156 122  77
 90 133 196 217 165 194  87  85  86 187  29  80 125   0 161
 45  95 138 224 166  92  37  39  44  32  31  33 124 126  82
 48  91 169  35  36  84 131 192 189  38  30  89  27  73  25
 42 170  41  43 136  40  83  88 167 213  34 130 160  81  28
